0.0000000000000000 0.0000000000000000 0.0000000000000000
0.0100000000000000 0.0005000000000000 0.0996250000000000
0.0200000000000000 0.0019923890625000 0.1984558019531250
0.0300000000000000 0.0044690068921924 0.2964491051772424
0.0400000000000000 0.0079212638507976 0.3935623498373846
0.0500000000000000 0.0123401484450899 0.4897537326116662
0.0600000000000000 0.0177162349691223 0.5849822218632345
0.0700000000000000 0.0240396912956925 0.6792075723143849
0.0800000000000000 0.0313002868120506 0.7723903392192530
0.0900000000000000 0.0394874004948194 0.8644918920317691
0.1000000000000000 0.0485900291190622 0.9554744275658381
0.1100000000000000 0.0585967955964071 1.0453009826449848
0.1200000000000000 0.0694959574371087 1.1339354462389770
0.1300000000000000 0.0812754153309052 1.2213425710852144
0.1400000000000000 0.0939227218415089 1.3074879847929450
0.1500000000000000 0.1074250902095483 1.3923382004286418
0.1600000000000000 0.1217694032587662 1.4758606265811438
0.1700000000000000 0.1369422224002662 1.5580235769054354
0.1800000000000000 0.1529297967295865 1.6387962791442054
0.1900000000000000 0.1697180722113782 1.7181488836265963
0.2000000000000000 0.1872927009464554 1.7960524712438128
0.2100000000000000 0.2056390505159852 1.8724790609015318
0.2200000000000000 0.2247422133975878 1.9474016164493053
0.2300000000000000 0.2445870164481146 2.0207940530874184
0.2400000000000000 0.2651580304478859 2.0926312432519123
0.2500000000000000 0.2864395797011712 2.1628890219787413
0.2600000000000000 0.3084157516877091 2.2315441917482848
0.2700000000000000 0.3310704067600794 2.2985745268116844
0.2800000000000000 0.3543871878817508 2.3639587770007240
0.2900000000000000 0.3783495304006501 2.4276766710232116
0.3000000000000000 0.4029406718531187 2.4897089192460720
0.3100000000000000 0.4281436617931444 2.5500372159685853
0.3200000000000000 0.4539413716417832 2.6086442411884567
0.3300000000000000 0.4803165045517128 2.6655136618636233
0.3400000000000000 0.5072516052818912 2.7206301326729379
0.3500000000000000 0.5347290700773248 2.7739792962790997
0.3600000000000000 0.5627311565489861 2.8255477830974178
0.3700000000000000 0.5912399935489568 2.8753232105742161
0.3800000000000000 0.6202375910359152 2.9232941819789060
0.3900000000000000 0.6497058499261211 2.9694502847139610
0.4000000000000000 0.6796265719251025 3.0137820881472406
0.4100000000000000 0.7099814693352881 3.0562811409713095
0.4200000000000000 0.7407521748348809 3.0969399680946075
0.4300000000000000 0.7719202512233146 3.1357520670695145
0.4400000000000000 0.8034672011286889 3.1727119040625507
0.4500000000000000 0.8353744766726299 3.2078149093721446
0.4600000000000000 0.8676234890880817 3.2410574724995813
0.4700000000000000 0.9001956182855868 3.2724369367789237
0.4800000000000000 0.9330722223636755 3.3019515935718831
0.4900000000000000 0.9662346470590445 3.3296006760337797
0.5000000000000000 0.9996642351322662 3.3553843524569027
0.5100000000000000 1.0333423356848350 3.3793037191977486
0.5200000000000000 1.0672503134034215 3.4013607931947676
0.5300000000000000 1.1013695577272735 3.4215585040834089
0.5400000000000000 1.1356814919347726 3.4399006859154002
0.5500000000000000 1.1701675821452211 3.4563920684893463
0.5600000000000001 1.2048093462320100 3.4710382682998713
0.5700000000000001 1.2395883626433895 3.4838457791126611
0.5800000000000000 1.2744862791271385 3.4948219621729018
0.5900000000000000 1.3094848213555044 3.5039750360547273
0.6000000000000000 1.3445658014468607 3.5113140661594211
0.6100000000000000 1.3797111263806121 3.5168489538702246
0.6200000000000000 1.4149028063019491 3.5205904253717235
0.6300000000000000 1.4501229627131393 3.5225500201418902
0.6400000000000000 1.4853538365481247 3.5227400791249588
0.6500000000000000 1.5205777961272702 3.5211737325934123
0.6600000000000000 1.5557773449892003 3.5178648877074528
0.6700000000000000 1.5909351295967384 3.5128282157804120
0.6800000000000000 1.6260339469140517 3.5060791392586452
0.6900000000000001 1.6610567518521875 3.4976338184245264
0.7000000000000001 1.6959866645802788 3.4875091378312422
0.7100000000000000 1.7308069776997774 3.4757226924781466
0.7200000000000000 1.7655011632791660 3.4622927737354967
0.7300000000000000 1.8000528797466862 3.4472383550274643
0.7400000000000000 1.8344459786387106 3.4305790772823550
0.7500000000000000 1.8686645112014764 3.4123352341590247
0.7600000000000000 1.9026927348439853 3.3925277570585295
0.7700000000000000 1.9365151194399699 3.3711781999300769
0.7800000000000000 1.9701163534769133 3.3483087238803884
0.7900000000000000 2.0034813500502024 3.3239420815956056
0.8000000000000000 2.0365952527005859 3.2981016015849089
0.8100000000000001 2.0694434410932003 3.2708111722550224
0.8200000000000001 2.1020115365365175 3.2420952258248104
0.8300000000000001 2.1342854073396631 3.2119787220891691
0.8400000000000000 2.1662511740066415 3.1804871320414296
0.8500000000000000 2.1978952142661026 3.1476464213634916
0.8600000000000000 2.2292041679353698 3.1134830337928951
0.8700000000000000 2.2601649416175476 3.0780238743760449
0.8800000000000000 2.2907647132306144 3.0412962926167730
0.8900000000000000 2.3209909363675014 3.0033280655294230
0.9000000000000000 2.3508313444862465 2.9641473806056067
0.9100000000000000 2.3802739549294083 2.9237828187037715
0.9200000000000000 2.4093070727720121 2.8822633368706723
0.9300000000000000 2.4379192944973931 2.8396182511038184
0.9400000000000001 2.4660995115003903 2.7958772190639247
0.9500000000000001 2.4938369134174394 2.7510702227463524
0.9600000000000000 2.5211209912831958 2.7052275511204766
0.9700000000000000 2.5479415405134129 2.6583797827458739
0.9800000000000000 2.5742886637138902 2.6105577683741590
0.9900000000000000 2.6001527733153891 2.5617926135452467
1.0000000000000000 2.6255245940345047 2.5121156611867543
1.0100000000000000 2.6503951651605693 2.4615584742251841
1.0200000000000000 2.6747558426687474 2.4101528182174659
1.0300000000000000 2.6985983011595716 2.3579306440113559
1.0400000000000000 2.7219145356252450 2.3049240704431195
1.0500000000000000 2.7446968630431283 2.2511653670808340
1.0600000000000001 2.7669379237969105 2.1966869370215707
1.0700000000000001 2.7886306829260388 2.1415212997506234
1.0800000000000001 2.8097684312040729 2.0857010740708581
1.0900000000000001 2.8303447860467030 2.0292589611101643
1.1000000000000001 2.8503536922502515 1.9722277274148905
1.1100000000000001 2.8697894225615599 1.9146401881370430
1.1200000000000001 2.8886465780802348 1.8565291903229246
1.1300000000000001 2.9069200884943069 1.7979275963107781
1.1400000000000001 2.9246052121504293 1.7388682672448932
1.1500000000000001 2.9416975359598192 1.6793840467135182
1.1599999999999999 2.9581929751412126 1.6195077445178037
1.1699999999999999 2.9740877728021857 1.5592721205788835
1.1799999999999999 2.9893784993602521 1.4987098689900795
1.1899999999999999 3.0040620518052257 1.4378536022210893
1.2000000000000000 3.0181356528044021 1.3767358354808905
1.2100000000000000 3.0315968496521792 1.3153889712459672
1.2200000000000000 3.0444435130658043 1.2538452839603280
1.2300000000000000 3.0566738358289927 1.1921369049136565
1.2400000000000000 3.0682863312852375 1.1302958073037948
1.2500000000000000 3.0792798316826802 1.0683537914896248
1.2600000000000000 3.0896534863724749 1.0063424704402724
1.2700000000000000 3.0994067598626431 0.9442932553864125
1.2800000000000000 3.1085394297294644 0.8822373416793177
1.2900000000000000 3.1170515843885123 0.8202056948631388
1.3000000000000000 3.1249436207274890 0.7582290369657647
1.3100000000000001 3.1322162416030785 0.6963378330134566
1.3200000000000001 3.1388704532040745 0.6345622777743025
1.3300000000000001 3.1449075622831000 0.5729322827353861
1.3400000000000001 3.1503291732592804 0.5114774633184118
1.3500000000000001 3.1551371851942753 0.4502271263383720
1.3600000000000001 3.1593337886441226 0.3892102577096881
1.3700000000000001 3.1629214623893942 0.3284555104041008
1.3800000000000001 3.1659029700461976 0.2679911926644274
1.3900000000000001 3.1682813565606054 0.2078452564781456
1.4000000000000001 3.1700599445891289 0.1480452863146032
1.4099999999999999 3.1712423307678907 0.0886184881294966
1.4199999999999999 3.1718323818731888 0.0295916786400961
1.4299999999999999 3.1718342308761724 -0.0290087251254611
1.4399999999999999 3.1712522728943910 -0.0871567160016523
1.4500000000000000 3.1700911610430009 -0.1448267065788288
1.4600000000000000 3.1683558021884486 -0.2019935388134199
1.4700000000000000 3.1660513526074729 -0.2586324933524072
1.4800000000000000 3.1631832135542979 -0.3147192985695613
1.4900000000000000 3.1597570267389101 -0.3702301393110929
1.5000000000000000 3.1557786697193388 -0.4251416653485320
1.5100000000000000 3.1512542512108741 -0.4794309995368134
1.5200000000000000 3.1461901063151858 -0.5330757456757067
1.5300000000000000 3.1405927916723129 -0.5860539960728923
1.5400000000000000 3.1344690805385187 -0.6383443388071440
1.5500000000000000 3.1278259577930179 -0.6899258646902425
1.5600000000000001 3.1206706148765933 -0.7407781739264023
1.5700000000000001 3.1130104446651323 -0.7908813824681546
1.5800000000000001 3.1048530362811269 -0.8402161280677902
1.5900000000000001 3.0962061698461811 -0.8887635760236204
1.6000000000000001 3.0870778111775841 -0.9365054246204759
1.6100000000000001 3.0774761064320080 -0.9834239102640181
1.6200000000000001 3.0674093766993948 -1.0295018123085926
1.6300000000000001 3.0568861125500955 -1.0747224575785108
1.6400000000000001 3.0459149685383320 -1.1190697245827983
1.6500000000000001 3.0345047576650415 -1.1625280474236013
1.6600000000000001 3.0226644458031675 -1.2050824193985921
1.6699999999999999 3.0104031460884584 -1.2467183962978690
1.6799999999999999 2.9977301132788186 -1.2874220993959877
1.6899999999999999 2.9846547380852662 -1.3271802181399155
1.7000000000000000 2.9711865414775258 -1.3659800125338386
1.7100000000000000 2.9573351689672882 -1.4038093152219031
1.7200000000000000 2.9431103848721483 -1.4406565332701071
1.7300000000000000 2.9285220665632270 -1.4765106496487059
1.7400000000000000 2.9135801986994609 -1.5113612244166306
1.7500000000000000 2.8982948674515354 -1.5451983956095552
1.7600000000000000 2.8826762547184122 -1.5780128798333872
1.7700000000000000 2.8667346323393925 -1.6097959725650848
1.7800000000000000 2.8504803563046281 -1.6405395481628398
1.7900000000000000 2.8339238609669799 -1.6702360595877941
1.8000000000000000 2.8170756532580947 -1.6988785378395823
1.8100000000000001 2.7999463069115533 -1.7264605911081212
1.8200000000000001 2.7825464566959108 -1.7529764036441899
1.8300000000000001 2.7648867926604317 -1.7784207343514651
1.8400000000000001 2.7469780543962901 -1.8027889151027927
1.8500000000000001 2.7288310253159795 -1.8260768487835985
1.8600000000000001 2.7104565269536440 -1.8482810070654498
1.8700000000000001 2.6918654132890163 -1.8693984279128948
1.8800000000000001 2.6730685650976120 -1.8894267128268141
1.8900000000000001 2.6540768843298004 -1.9083640238276294
1.9000000000000001 2.6349012885213350 -1.9262090801818135
1.9100000000000001 2.6155527052378935 -1.9429611548752534
1.9199999999999999 2.5960420665561394 -1.9586200708371138
1.9299999999999999 2.5763803035837856 -1.9731861969179461
1.9399999999999999 2.5565783410210945 -1.9866604436258877
1.9500000000000000 2.5366470917662163 -1.9990442586248773
1.9600000000000000 2.5165974515667244 -2.0103396219989129
1.9700000000000000 2.4964402937196688 -2.0205490412864577
1.9800000000000000 2.4761864638224225 -2.0296755462891847
1.9900000000000000 2.4558467745765609 -2.0377226836593372
2.0000000000000000 2.4354320006469607 -2.0446945112700501
2.0100000000000002 2.4149528735782710 -2.0505955923730634
2.0200000000000000 2.3944200767708597 -2.0554309895483254
2.0300000000000002 2.3738442405182916 -2.0592062584500552
2.0400000000000000 2.3532359371083533 -2.0619274413539035
2.0499999999999998 2.3326056759895879 -2.0636010605099089
2.0600000000000001 2.3119638990052604 -2.0642341113060154
2.0699999999999998 2.2913209756966229 -2.0638340552469736
2.0800000000000001 2.2706871986773005 -2.0624088127535014
2.0899999999999999 2.2500727790805746 -2.0599667557866335
2.1000000000000001 2.2294878420812800 -2.0565167003022449
2.1099999999999999 2.2089424224939984 -2.0520678985407721
2.1200000000000001 2.1884464604491627 -2.0466300311572097
2.1299999999999999 2.1680097971486467 -2.0402131991964914
2.1400000000000001 2.1476421707023645 -2.0328279159194129
2.1499999999999999 2.1273532120473417 -2.0244850984842842
2.1600000000000001 2.1071524409506801 -2.0151960594895342
2.1699999999999999 2.0870492620977781 -2.0049724983825192
2.1800000000000002 2.0670529612671178 -1.9938264927398173
2.1899999999999999 2.0471727015928805 -1.9817704894243102
2.2000000000000002 2.0274175199165927 -1.9688172956243821
2.2100000000000000 2.0077963232289555 -1.9549800697805779
2.2200000000000002 1.9883178852029593 -1.9402723124050834
2.2300000000000000 1.9689908428193228 -1.9247078567994027
2.2400000000000002 1.9498236930852539 -1.9083008596756172
2.2500000000000000 1.9308247898474642 -1.8910657916866187
2.2600000000000002 1.9120023407003244 -1.8730174278707155
2.2700000000000000 1.8933644039899873 -1.8541708380160111
2.2800000000000002 1.8749188859152552 -1.8345413769499574
2.2900000000000000 1.8566735377259125 -1.8141446747594756
2.3000000000000003 1.8386359530191898 -1.7929966269470392
2.3100000000000001 1.8208135651349751 -1.7711133845281009
2.3199999999999998 1.8032136446503302 -1.7485113440752338
2.3300000000000001 1.7858432969738181 -1.7252071377143474
2.3399999999999999 1.7687094600400954 -1.7012176230783178
2.3500000000000001 1.7518189021051678 -1.6765598732233571
2.3599999999999999 1.7351782196426537 -1.6512511665134242
2.3700000000000001 1.7187938353413530 -1.6253089764779531
2.3799999999999999 1.7026719962043559 -1.5987509616481537
2.3900000000000001 1.6868187717498850 -1.5715949553771063
2.3999999999999999 1.6712400523140032 -1.5438589556488449
2.4100000000000001 1.6559415474552730 -1.5155611148815853
2.4199999999999999 1.6409287844614013 -1.4867197297302248
2.4300000000000002 1.6262071069578485 -1.4573532308931978
2.4399999999999999 1.6117816736183357 -1.4274801729287323
2.4500000000000002 1.5976574569771287 -1.3971192240855117
2.4600000000000000 1.5838392423429326 -1.3662891561526995
2.4700000000000002 1.5703316268141756 -1.3350088343342403
2.4800000000000000 1.5571390183954172 -1.3032972071522968
2.4900000000000002 1.5442656352145636 -1.2711732963846394
2.5000000000000000 1.5317155048405280 -1.2386561870407446
2.5100000000000002 1.5194924637009244 -1.2057650173813081
2.5200000000000000 1.5076001565993378 -1.1725189689858191
2.5300000000000002 1.4960420363316667 -1.1389372568727862
2.5400000000000000 1.4848213634009886 -1.1050391196771427
2.5500000000000003 1.4739412058303547 -1.0708438098892976
2.5600000000000001 1.4634044390728751 -1.0363705841602333
2.5699999999999998 1.4532137460184105 -1.0016386936769885
2.5800000000000001 1.4433716170961488 -0.9666673746127936
2.5899999999999999 1.4338803504722948 -0.9314758386560573
2.6000000000000001 1.4247420523420657 -0.8960832636223363
2.6099999999999999 1.4159586373151427 -0.8605087841533416
2.6200000000000001 1.4075318288936862 -0.8247714825069681
2.6299999999999999 1.3994631600419871 -0.7888903794422514
2.6400000000000001 1.3917539738467832 -0.7528844252030872
2.6499999999999999 1.3844054242672357 -0.7167724906044650
2.6600000000000001 1.3774184769735218 -0.6805733582248903
2.6699999999999999 1.3707939102729629 -0.6443057137085910
2.6800000000000002 1.3645323161225729 -0.6079881371810194
2.6899999999999999 1.3586341012268763 -0.5716390947810803
2.7000000000000002 1.3530994882198131 -0.5352769303134315
2.7100000000000000 1.3479285169295105 -0.4989198570241169
2.7200000000000002 1.3431210457246754 -0.4625859495027100
2.7300000000000000 1.3386767529413235 -0.4262931357140542
2.7400000000000002 1.3345951383885368 -0.3900591891626019
2.7500000000000000 1.3308755249319073 -0.3539017211922659
2.7600000000000002 1.3275170601532964 -0.3178381734246050
2.7700000000000000 1.3245187180855154 -0.2818858103380780
2.7800000000000002 1.3218793010205008 -0.2460617119910083
2.7900000000000000 1.3195974413895353 -0.2103827668908115
2.8000000000000003 1.3176716037140381 -0.1748656650119427
2.8100000000000001 1.3161000866254282 -0.1395268909649341
2.8199999999999998 1.3148810249525338 -0.1043827173187934
2.8300000000000001 1.3140123918750071 -0.0694491980789455
2.8399999999999999 1.3134920011411768 -0.0347421623228034
2.8500000000000001 1.3133175093487506 -0.0002772079949619
2.8599999999999999 1.3134864182867636 0.0339303041360896
2.8700000000000001 1.3139960773371477 0.0678652563579293
2.8799999999999999 1.3148436859342794 0.1015127797291337
2.8900000000000001 1.3160262960808473 0.1348582596275615
2.8999999999999999 1.3175408149183667 0.1678873411304728
2.9100000000000001 1.3193840073506495 0.2005859342250598
2.9199999999999999 1.3215524987185290 0.2329402188480614
2.9300000000000002 1.3240427775241232 0.2649366497532273
2.9399999999999999 1.3268511982029088 0.2965619612054937
2.9500000000000002 1.3299739839418678 0.3278031715008277
2.9600000000000000 1.3334072295419594 0.3586475873107904
2.9700000000000002 1.3371469043231576 0.3890828078509661
2.9800000000000000 1.3411888550702922 0.4190967288724946
2.9900000000000002 1.3455288090179169 0.4486775464760434
3.0000000000000000 1.3501623768724300 0.4778137607476436
3.0100000000000002 1.3550850558696603 0.5064941792159126
3.0200000000000000 1.3602922328661315 0.5347079201302722
3.0300000000000002 1.3657791874622129 0.5624444155598721
3.0400000000000000 1.3715410951553626 0.5896934143130093
3.0500000000000003 1.3775730305216671 0.6164449846769345
3.0600000000000001 1.3838699704238806 0.6426895169780218
3.0700000000000003 1.3904267972441682 0.6684177259623676
3.0800000000000001 1.3972383021397572 0.6936206529969768
3.0899999999999999 1.4042991883197047 0.7182896680917792
3.1000000000000001 1.4116040743409890 0.7424164717428077
3.1099999999999999 1.4191474974221414 0.7659930965969581
3.1200000000000001 1.4269239167726331 0.7890119089388331
3.1299999999999999 1.4349277169362431 0.8114656100002593
3.1400000000000001 1.4431532111466365 0.8333472370931519
3.1499999999999999 1.4515946446933905 0.8546501645664815
3.1600000000000001 1.4602461982967108 0.8753681045881802
3.1699999999999999 1.4691019914890964 0.8954951077529084
3.1800000000000002 1.4781560860022125 0.9150255635166783
3.1899999999999999 1.4874024891572468 0.9339542004594127
3.2000000000000002 1.4968351572570344 0.9522760863765948
3.2100000000000000 1.5064479989782469 0.9699866282012395
3.2200000000000002 1.5162348787619571 0.9870815717574941
3.2300000000000000 1.5261896202009007 1.0035570013472492
3.2400000000000002 1.5363060094217724 1.0194093391712136
3.2500000000000000 1.5465777984609101 1.0346353445859788
3.2600000000000002 1.5569987086317327 1.0492321131986699
3.2700000000000000 1.5675624338823166 1.0631970758008458
3.2800000000000002 1.5782626441415120 1.0765279971433832
3.2900000000000000 1.5890929886520175 1.0892229745541426
3.3000000000000003 1.6000470992888502 1.1012804364002788
3.3100000000000001 1.6111185938616659 1.1126991403971247
3.3200000000000003 1.6223010793994068 1.1234781717656364
3.3300000000000001 1.6335881554157721 1.1336169412404506
3.3399999999999999 1.6449734171540260 1.1431151829306614
3.3500000000000001 1.6564504588096842 1.1519729520354838
3.3599999999999999 1.6680128767296354 1.1601906224170273
3.3700000000000001 1.6796542725862826 1.1677688840324558
3.3799999999999999 1.6913682565253094 1.1747087402278635
3.3900000000000001 1.7031484502856982 1.1810115048962495
3.3999999999999999 1.7149884902906556 1.1866787995020225
3.4100000000000001 1.7268820307081219 1.1917125499745145
3.4199999999999999 1.7388227464795660 1.1961149834730318
3.4300000000000002 1.7508043363157961 1.1998886250260126
3.4399999999999999 1.7628205256585388 1.2030362940469093
3.4500000000000002 1.7748650696065664 1.2055611007294498
3.4600000000000000 1.7869317558051818 1.2074664423249775
3.4700000000000002 1.7990144072978931 1.2087559993046038
3.4800000000000000 1.8111068853391408 1.2094337314089472
3.4900000000000002 1.8232030921669675 1.2095038735882677
3.5000000000000000 1.8352969737345488 1.2089709318358361
3.5100000000000002 1.8473825223995297 1.2078396789174142
3.5200000000000000 1.8594537795701447 1.2061151499997471
3.5300000000000002 1.8715048383071247 1.2038026381810050
3.5400000000000000 1.8835298458804262 1.2009076899261273
3.5500000000000003 1.8955230062798452 1.1974361004100602
3.5600000000000001 1.9074785826786105 1.1933939087718914
3.5700000000000003 1.9193908998490807 1.1887873932829152
3.5800000000000001 1.9312543465296994 1.1836230664316763
3.5899999999999999 1.9430633777423925 1.1779076699290636
3.6000000000000001 1.9548125170596251 1.1716481696365373
3.6099999999999999 1.9664963588203641 1.1648517504205926
3.6200000000000001 1.9781095702942242 1.1575258109365743
3.6299999999999999 1.9896468937931062 1.1496779583449674
3.6400000000000001 2.0011031487296695 1.1413160029633034
3.6499999999999999 2.0124732336220092 1.1324479528568245
3.6600000000000001 2.0237521280439399 1.1230820083710620
3.6699999999999999 2.0349348945203256 1.1132265566094830
3.6800000000000002 2.0460166803669173 1.1028901658593704
3.6899999999999999 2.0569927194741995 1.0920815799690979
3.7000000000000002 2.0678583340347729 1.0808097126799656
3.7100000000000000 2.0786089362138385 1.0690836419157579
3.7200000000000002 2.0892400297623706 1.0569126040331878
3.7300000000000000 2.0997472115726108 1.0443059880363810
3.7400000000000002 2.1101261731755301 1.0312733297585519
3.7500000000000000 2.1203727021799557 1.0178243060140164
3.7600000000000002 2.1304826836530752 1.0039687287236754
3.7700000000000000 2.1404521014420714 0.9897165390170934
3.7800000000000002 2.1502770394366686 0.9750778013142877
3.7900000000000000 2.1599536827724028 0.9600626973903249
3.8000000000000003 2.1694783189744609 0.9446815204258137
3.8100000000000001 2.1788473390419596 0.9289446690463602
3.8200000000000003 2.1880572384725734 0.9128626413540403
3.8300000000000001 2.1971046182274447 0.8964460289539194
3.8399999999999999 2.2059861856363412 0.8797055109786363
3.8500000000000001 2.2146987552430568 0.8626518481140378
3.8599999999999999 2.2232392495910820 0.8452958766288375
3.8700000000000001 2.2316046999495991 0.8276485024112384
3.8799999999999999 2.2397922469798837 0.8097206950154423
3.8900000000000001 2.2477991413422300 0.7915234817209345
3.8999999999999999 2.2556227442435395 0.7730679416074108
3.9100000000000001 2.2632605279257425 0.7543651996481797
3.9199999999999999 2.2707100760952561 0.7354264208248453
3.9300000000000002 2.2779690842936997 0.7162628042660435
3.9399999999999999 2.2850353602101268 0.6968855774129717
3.9500000000000002 2.2919068239350509 0.6773059902144191
3.9600000000000000 2.2985815081565781 0.6575353093539674
3.9700000000000002 2.3050575582989778 0.6375848125120002
3.9800000000000000 2.3113332326040541 0.6174657826651162
3.9900000000000002 2.3174069021557044 0.5971895024255096
4.0000000000000000 2.3232770508480796 0.5767672484228366
4.0099999999999998 2.3289422752977802 0.5562102857310515
4.0200000000000005 2.3344012847005513 0.5355298623426513
4.0300000000000002 2.3396529006329647 0.5147372036927279
4.0400000000000000 2.3446960567995951 0.4938435072351836
4.0499999999999998 2.3495297987262256 0.4728599370734221
4.0600000000000005 2.3541532833996381 0.4517976186477831
4.0700000000000003 2.3585657788545666 0.4306676334819428
4.0800000000000001 2.3627666637084168 0.4094810139904563
4.0899999999999999 2.3667554266443696 0.3882487383495732
4.0999999999999996 2.3705316658435160 0.3669817254334075
4.1100000000000003 2.3740950883666856 0.3456908298174962
4.1200000000000001 2.3774455094866509 0.3243868368517337
4.1299999999999999 2.3805828519714147 0.3030804578046154
4.1399999999999997 2.3835071453193004 0.2817823250806793
4.1500000000000004 2.3862185249465870 0.2605029875129793
4.1600000000000001 2.3887172313284486 0.2392529057323756
4.1699999999999999 2.3910036090939752 0.2180424476153751
4.1799999999999997 2.3930781060760697 0.1968818838122015
4.1900000000000004 2.3949412723170296 0.1757813833567249
4.2000000000000002 2.3965937590306416 0.1547510093598252
4.2100000000000000 2.3980363175216310 0.1338007147877109
4.2199999999999998 2.3992697980633233 0.1129403383266633
4.2300000000000004 2.4002951487343869 0.0921796003356178
4.2400000000000002 2.4011134142155468 0.0715280988879446
4.2500000000000000 2.4017257345471639 0.0509953059037323
4.2599999999999998 2.4021333438485932 0.0305905633738263
4.2700000000000005 2.4023375690002426 0.0103230796768160
4.2800000000000002 2.4023398282892727 -0.0097980740098880
4.2900000000000000 2.4021416300198770 -0.0297639672038023
4.2999999999999998 2.4017445710891043 -0.0495658135149156
4.3100000000000005 2.4011503355291897 -0.0691949739460561
4.3200000000000003 2.4003606930173698 -0.0886429600951641
4.3300000000000001 2.3993774973541675 -0.1079014372586070
4.3399999999999999 2.3982026849111402 -0.1269622274347302
4.3500000000000005 2.3968382730490938 -0.1458173122268938
4.3600000000000003 2.3952863585077711 -0.1644588356452998
4.3700000000000001 2.3935491157680278 -0.1828791068069696
4.3799999999999999 2.3916287953875215 -0.2010706025332894
4.3899999999999997 2.3895277223109366 -0.2190259698445935
4.4000000000000004 2.3872482941557820 -0.2367380283513134
4.4100000000000001 2.3847929794747933 -0.2541997725412730
4.4199999999999999 2.3821643159959822 -0.2714043739627690
4.4299999999999997 2.3793649088413793 -0.2883451833031251
4.4400000000000004 2.3763974287255114 -0.3050157323624675
4.4500000000000002 2.3732646101346688 -0.3214097359225206
4.4600000000000000 2.3699692494880069 -0.3375210935102770
4.4699999999999998 2.3665142032815387 -0.3533438910564487
4.4800000000000004 2.3629023862160685 -0.3688724024486588
4.4900000000000002 2.3591367693101200 -0.3841010909793885
4.5000000000000000 2.3552203779989105 -0.3990246106887424
4.5099999999999998 2.3511562902204242 -0.4136378076021510
4.5200000000000005 2.3469476344896325 -0.4279357208631780
4.5300000000000002 2.3425975879619108 -0.4419135837616525
4.5400000000000000 2.3381093744866948 -0.4555668246573957
4.5499999999999998 2.3334862626524240 -0.4688910677998628
4.5600000000000005 2.3287315638238049 -0.4818821340440697
4.5700000000000003 2.3238486301724350 -0.4945360414632214
4.5800000000000001 2.3188408527018147 -0.5068490058585120
4.5899999999999999 2.3137116592677738 -0.5188174411666074
4.6000000000000005 2.3084645125953345 -0.5304379597653750
4.6100000000000003 2.3031029082930230 -0.5417073726784668
4.6200000000000001 2.2976303728656404 -0.5526226896794115
4.6299999999999999 2.2920504617264927 -0.5631811192959131
4.6399999999999997 2.2863667572100757 -0.5733800687151008
4.6500000000000004 2.2805828665861991 -0.5832171435905183
4.6600000000000001 2.2747024200765322 -0.5926901477516804
4.6699999999999999 2.2687290688745372 -0.6017970828170727
4.6799999999999997 2.2626664831697534 -0.6105361477115074
4.6900000000000004 2.2565183501773851 -0.6189057380887910
4.7000000000000002 2.2502883721741314 -0.6269044456606976
4.7100000000000000 2.2439802645411930 -0.6345310574332853
4.7199999999999998 2.2375977538153786 -0.6417845548516258
4.7300000000000004 2.2311445757492154 -0.6486641128540594
4.7400000000000002 2.2246244733809695 -0.6551690988371223
4.7500000000000000 2.2180411951154593 -0.6612990715323289
4.7599999999999998 2.2113984928165396 -0.6670537797960291
4.7700000000000005 2.2047001199121175 -0.6724331613135905
4.7800000000000002 2.1979498295125528 -0.6774373412191945
4.7900000000000000 2.1911513725432785 -0.6820666306325616
4.7999999999999998 2.1843084958924659 -0.6863215251139578
4.8100000000000005 2.1774249405745452 -0.6902027030388620
4.8200000000000003 2.1705044399103768 -0.6937110238937033
4.8300000000000001 2.1635507177248581 -0.6968475264941097
4.8399999999999999 2.1565674865627291 -0.6996134271271325
4.8500000000000005 2.1495584459233346 -0.7020101176189411
4.8600000000000003 2.1425272805150750 -0.7040391633295084
4.8700000000000001 2.1354776585302759 -0.7057023010758305
4.8799999999999999 2.1284132299411755 -0.7070014369852500
4.8899999999999997 2.1213376248177247 -0.7079386442804743
4.9000000000000004 2.1142544516678758 -0.7085161609979038
4.9100000000000001 2.1071672958010175 -0.7087363876409042
4.9199999999999999 2.1000797177151949 -0.7086018847696778
4.9299999999999997 2.0929952515087482 -0.7081153705294101
4.9400000000000004 2.0859174033169716 -0.7072797181183829
4.9500000000000002 2.0788496497743880 -0.7060979531977641
4.9600000000000000 2.0717954365032116 -0.7045732512448019
4.9699999999999998 2.0647581766285596 -0.7027089348511621
4.9800000000000004 2.0577412493209479 -0.7005084709681685
4.9900000000000002 2.0507479983665973 -0.6979754681007109
5.0000000000000000 2.0437817307660522 -0.6951136734516068
5.0099999999999998 2.0368457153615989 -0.6919269700182067
5.0200000000000005 2.0299431814939521 -0.6884193736430470
5.0300000000000002 2.0230773176886596 -0.6845950300203646
5.0400000000000000 2.0162512703726594 -0.6804582116602924
5.0499999999999998 2.0094681426214005 -0.6760133148125662
5.0600000000000005 2.0027309929369248 -0.6712648563515764
5.0700000000000003 1.9960428340572880 -0.6662174706246071
5.0800000000000001 1.9894066317976760 -0.6608759062651064
5.0899999999999999 1.9828253039235604 -0.6552450229728373
5.1000000000000005 1.9763017190562127 -0.6493297882627612
5.1100000000000003 1.9698386956108809 -0.6431352741845073
5.1200000000000001 1.9634390007679150 -0.6366666540142808
5.1299999999999999 1.9571053494771058 -0.6299291989210660
5.1399999999999997 1.9508404034954854 -0.6229282746089757
5.1500000000000004 1.9446467704588195 -0.6156693379375984
5.1600000000000001 1.9385270029870014 -0.6081579335221914
5.1699999999999999 1.9324835978235397 -0.6003996903155647
5.1799999999999997 1.9265189950093151 -0.5924003181734943
5.1900000000000004 1.9206355770907593 -0.5841656044054998
5.2000000000000002 1.9148356683625969 -0.5757014103128145
5.2100000000000000 1.9091215341452648 -0.5670136677153671
5.2199999999999998 1.9034953800971142 -0.5581083754695885
5.2300000000000004 1.8979593515614741 -0.5489915959788467
5.2400000000000002 1.8925155329486445 -0.5396694516983035
5.2500000000000000 1.8871659471528630 -0.5301481216359750
5.2599999999999998 1.8819125550042763 -0.5204338378517692
5.2700000000000005 1.8767572547559270 -0.5105328819562581
5.2800000000000002 1.8717018816057489 -0.5004515816109317
5.2900000000000000 1.8667482072535486 -0.4901963070316662
5.2999999999999998 1.8618979394929323 -0.4797734674971234
5.3100000000000005 1.8571527218381190 -0.4691895078637858
5.3200000000000003 1.8525141331855666 -0.4584509050893114
5.3300000000000001 1.8479836875103179 -0.4475641647658809
5.3399999999999999 1.8435628335969603 -0.4365358176651871
5.3500000000000005 1.8392529548050716 -0.4253724162967023
5.3600000000000003 1.8350553688690143 -0.4140805314808388
5.3700000000000001 1.8309713277319193 -0.4026667489385980
5.3799999999999999 1.8270020174136856 -0.3911376658992840
5.3899999999999997 1.8231485579128106 -0.3794998877278372
5.4000000000000004 1.8194120031418439 -0.3677600245733207
5.4100000000000001 1.8157933408962468 -0.3559246880400717
5.4199999999999999 1.8122934928564236 -0.3440004878830065
5.4299999999999997 1.8089133146226750 -0.3319940287285456
5.4400000000000004 1.8056535957828113 -0.3199119068225993
5.4500000000000002 1.8025150600121453 -0.3077607068070349
5.4600000000000000 1.7994983652055772 -0.2955469985260143
5.4699999999999998 1.7966041036414604 -0.2832773338635740
5.4800000000000004 1.7938328021769341 -0.2709582436137865
5.4900000000000002 1.7911849224743874 -0.2585962343848198
5.5000000000000000 1.7886608612587100 -0.2461977855381849
5.5099999999999998 1.7862609506049711 -0.2337693461644317
5.5200000000000005 1.7839854582561567 -0.2213173320965284
5.5300000000000002 1.7818345879705810 -0.2088481229621303
5.5400000000000000 1.7798084798985783 -0.1963680592759167
5.5499999999999998 1.7779072109880674 -0.1838834395731434
5.5600000000000005 1.7761307954185730 -0.1714005175855327
5.5700000000000003 1.7744791850632724 -0.1589254994605895
5.5800000000000001 1.7729522699786304 -0.1464645410254065
5.5899999999999999 1.7715498789211701 -0.1340237450959865
5.6000000000000005 1.7702717798909211 -0.1216091588330842
5.6100000000000003 1.7691176807010738 -0.1092267711455365
5.6200000000000001 1.7680872295733612 -0.0968825101420193
5.6299999999999999 1.7671800157586779 -0.0845822406321395
5.6399999999999997 1.7663955701824405 -0.0723317616777373
5.6500000000000004 1.7657333661141805 -0.0601368041952449
5.6600000000000001 1.7651928198608569 -0.0480030286099123
5.6699999999999999 1.7647732914833654 -0.0359360225626841
5.6799999999999997 1.7644740855357137 -0.0239412986704730
5.6900000000000004 1.7642944518263253 -0.0120242923405497
5.7000000000000002 1.7642335862009260 -0.0001903596397313
5.7100000000000000 1.7642906313464648 0.0115552247809781
5.7199999999999998 1.7644646776155086 0.0232072697056767
5.7300000000000004 1.7647547638705476 0.0347606693161956
5.7400000000000002 1.7651598783476425 0.0462104050975180
5.7500000000000000 1.7656789595388396 0.0575515476854637
5.7599999999999998 1.7663108970927712 0.0687792586561515
5.7700000000000005 1.7670545327328600 0.0798887922567824
5.7800000000000002 1.7679086611925350 0.0908754970773189
5.7900000000000000 1.7688720311668695 0.1017348176626719
5.7999999999999998 1.7699433462800422 0.1124622960650332
5.8100000000000005 1.7711212660680202 0.1230535733360315
5.8200000000000003 1.7724044069758635 0.1335043909584140
5.8300000000000001 1.7737913433690429 0.1438105922169969
5.8399999999999999 1.7752806085581625 0.1539681235086508
5.8500000000000005 1.7768706958364779 0.1639730355911289
5.8600000000000003 1.7785600595295954 0.1738214847705691
5.8700000000000001 1.7803471160567399 0.1835097340275384
5.8799999999999999 1.7822302450029750 0.1930341540815182
5.8899999999999997 1.7842077902017615 0.2023912243937593
5.9000000000000004 1.7862780608272339 0.2115775341084684
5.9100000000000001 1.7884393324955827 0.2205897829323180
5.9199999999999999 1.7906898483749221 0.2294247819523013
5.9299999999999997 1.7930278203030281 0.2380794543919876
5.9400000000000004 1.7954514299123325 0.2465508363062599
5.9500000000000002 1.7979588297615556 0.2548360772146494
5.9600000000000000 1.8005481444733662 0.2629324406734100
5.9699999999999998 1.8032174718774567 0.2708373047865055
5.9800000000000004 1.8059648841584228 0.2785481626557114
5.9900000000000002 1.8087884290078406 0.2860626227700628
6.0000000000000000 1.8116861307799355 0.2933784093349072
6.0099999999999998 1.8146559916502394 0.3004933625408487
6.0200000000000005 1.8176959927766401 0.3074054387729010
6.0300000000000002 1.8208040954622209 0.3141127107601901
6.0400000000000000 1.8239782423193038 0.3206133676665769
6.0499999999999998 1.8272163584341024 0.3269057151225962
6.0600000000000005 1.8305163525314028 0.3329881751991352
6.0700000000000003 1.8338761181386913 0.3388592863232988
6.0800000000000001 1.8372935347491526 0.3445177031369375
6.0899999999999999 1.8407664689829670 0.3499621962983348
6.1000000000000005 1.8442927757463434 0.3551916522275795
6.1100000000000003 1.8478702993877241 0.3602050727961700
6.1200000000000001 1.8514968748506089 0.3650015749614210
6.1299999999999999 1.8551703288224495 0.3695803903462699
6.1400000000000006 1.8588884808790687 0.3739408647650965
6.1500000000000004 1.8626491446240712 0.3780824576961999
6.1600000000000001 1.8664501288227136 0.3820047417015905
6.1699999999999999 1.8702892385297101 0.3857074017947821
6.1799999999999997 1.8741642762104582 0.3891902347572869
6.1900000000000004 1.8780730428551751 0.3924531484045370
6.2000000000000002 1.8820133390854414 0.3954961608019773
6.2100000000000000 1.8859829662526597 0.3983193994320910
6.2199999999999998 1.8899797275279389 0.4009231003131407
6.2300000000000004 1.8940014289829266 0.4033076070704247
6.2400000000000002 1.8980458806611200 0.4054733699608657
6.2500000000000000 1.9021108976391898 0.4074209448517672
6.2599999999999998 1.9061943010778657 0.4091509921545878
6.2700000000000005 1.9102939192619364 0.4106642757146029
6.2800000000000002 1.9144075886289276 0.4119616616573340
6.2900000000000000 1.9185331547860316 0.4130441171926453
6.2999999999999998 1.9226684735148669 0.4139127093774192
6.3100000000000005 1.9268114117636608 0.4145686038377361
6.3200000000000003 1.9309598486264532 0.4150130634514993
6.3300000000000001 1.9351116763089322 0.4152474469924545
6.3399999999999999 1.9392648010805174 0.4152732077365710
6.3500000000000005 1.9434171442123229 0.4150918920317569
6.3600000000000003 1.9475666429006362 0.4147051378318978
6.3700000000000001 1.9517112511755612 0.4141146731962142
6.3799999999999999 1.9558489407944846 0.4133223147549445
6.3900000000000006 1.9599777021200320 0.4123299661423709
6.4000000000000004 1.9640955449821953 0.4111396163982112
6.4100000000000001 1.9682004995243170 0.4097533383384107
6.4199999999999999 1.9722906170326322 0.4081732868963738
6.4299999999999997 1.9763639707490792 0.4064016974356828
6.4400000000000004 1.9804186566670949 0.4044408840353582
6.4500000000000002 1.9844527943101304 0.4022932377487179
6.4600000000000000 1.9884645274926245 0.3999612248369037
6.4699999999999998 1.9924520250631890 0.3974473849781399
6.4800000000000004 1.9964134816297678 0.3947543294538017
6.4900000000000002 2.0003471182665438 0.3918847393123678
6.5000000000000000 2.0042511832023764 0.3888413635123379
6.5099999999999998 2.0081239524905676 0.3856270170451978
6.5200000000000005 2.0119637306597578 0.3822445790395155
6.5300000000000002 2.0157688513457739 0.3786969908472556
6.5400000000000000 2.0195376779042533 0.3749872541133956
6.5499999999999998 2.0232686040038819 0.3711184288299331
6.5600000000000005 2.0269600542000989 0.3670936313753685
6.5700000000000003 2.0306104844891260 0.3629160325407494
6.5800000000000001 2.0342183828421909 0.3585888555433593
6.5899999999999999 2.0377822697198309 0.3541153740291338
6.6000000000000005 2.0413006985661664 0.3494989100648835
6.6100000000000003 2.0447722562830464 0.3447428321213991
6.6200000000000001 2.0481955636839850 0.3398505530485124
6.6299999999999999 2.0515692759278097 0.3348255280431824
6.6400000000000006 2.0548920829319579 0.3296712526116699
6.6500000000000004 2.0581627097653685 0.3243912605268610
6.6600000000000001 2.0613799170209259 0.3189891217817927
6.6699999999999999 2.0645425011674217 0.3134684405404290
6.6799999999999997 2.0676492948810137 0.3078328530867288
6.6900000000000004 2.0706991673561701 0.3020860257730392
6.7000000000000002 2.0736910245960951 0.2962316529688437
6.7100000000000000 2.0766238096826481 0.2902734550108820
6.7199999999999998 2.0794965030257733 0.2842151761556529
6.7300000000000004 2.0823081225924676 0.2780605825353047
6.7400000000000002 2.0850577241153272 0.2718134601179026
6.7500000000000000 2.0877444012807231 0.2654776126730599
6.7599999999999998 2.0903672858966584 0.2590568597439041
6.7700000000000005 2.0929255480403830 0.2525550346263419
6.7800000000000002 2.0954183961858379 0.2459759823565750
6.7900000000000000 2.0978450773110189 0.2393235577078082
6.7999999999999998 2.1002048769853552 0.2326016231970781
6.8100000000000005 2.1024971194372095 0.2258140471031202
6.8200000000000003 2.1047211676016149 0.2189647014961798
6.8300000000000001 2.1068764231483703 0.2120574602806585
6.8399999999999999 2.1089623264906292 0.2050961972514756
6.8500000000000005 2.1109783567741243 0.1980847841650099
6.8600000000000003 2.1129240318471747 0.1910270888254746
6.8700000000000001 2.1147989082116365 0.1839269731875630
6.8799999999999999 2.1166025809549649 0.1767882914761882
6.8900000000000006 2.1183346836635577 0.1696148883241263
6.9000000000000004 2.1199948883175708 0.1624105969283574
6.9100000000000001 2.1215829051673900 0.1551792372258823
6.9199999999999999 2.1230984825919612 0.1479246140897781
6.9299999999999997 2.1245414069391826 0.1406505155462415
6.9400000000000004 2.1259115023485773 0.1333607110133498
6.9500000000000002 2.1272086305564608 0.1260589495622551
6.9600000000000000 2.1284326906838356 0.1187489582015104
6.9699999999999998 2.1295836190072470 0.1114344401852095
6.9800000000000004 2.1306613887128405 0.1041190733456059
6.9900000000000002 2.1316660096338680 0.0968065084508569
7.0000000000000000 2.1325975279719014 0.0895003675885259
7.0099999999999998 2.1334560260020092 0.0822042425754529
7.0200000000000005 2.1342416217621665 0.0749216933945905
7.0300000000000002 2.1349544687271695 0.0676562466593812
7.0400000000000000 2.1355947554673320 0.0604113941062362
7.0499999999999998 2.1361627052922487 0.0531905911156556
7.0600000000000005 2.1366585758799155 0.0459972552625143
7.0700000000000003 2.1370826588914982 0.0388347648960158
7.0800000000000001 2.1374352795720517 0.0317064577498016
7.0899999999999999 2.1377167963374912 0.0246156295826820
7.1000000000000005 2.1379276003481245 0.0175655328504370
7.1100000000000003 2.1380681150690597 0.0105593754091166
7.1200000000000001 2.1381387958178060 0.0036003192502517
7.1299999999999999 2.1381401292993822 -0.0033085207316333
7.1400000000000006 2.1380726331292683 -0.0101640779388341
7.1500000000000004 2.1379368553445204 -0.0169633352372519
7.1600000000000001 2.1377333739033832 -0.0237033260898157
7.1699999999999999 2.1374627961737378 -0.0303811356562282
7.1799999999999997 2.1371257584107193 -0.0369939018587370
7.1900000000000004 2.1367229252238489 -0.0435388164136556
7.2000000000000002 2.1362549890340219 -0.0500131258283743
7.2100000000000000 2.1357226695206983 -0.0564141323636256
7.2199999999999998 2.1351267130596456 -0.0627391949607800
7.2300000000000004 2.1344678921515841 -0.0689857301339758
7.2400000000000002 2.1337470048420863 -0.0751512128268983
7.2500000000000000 2.1329648741330880 -0.0812331772340470
7.2599999999999998 2.1321223473863604 -0.0872292175863473
7.2700000000000005 2.1312202957193098 -0.0931369889009808
7.2800000000000002 2.1302596133934539 -0.0989542076953292
7.2900000000000000 2.1292412171959407 -0.1046786526649432
7.2999999999999998 2.1281660458144671 -0.1103081653254689
7.3100000000000005 2.1270350592059586 -0.1158406506184795
7.3200000000000003 2.1258492379593705 -0.1212740774811817
7.3300000000000001 2.1246095826529743 -0.1266064793799828
7.3399999999999999 2.1233171132064879 -0.1318359548079218
7.3500000000000005 2.1219728682284122 -0.1369606677459875
7.3600000000000003 2.1205779043589357 -0.1419788480883643
7.3700000000000001 2.1191332956087656 -0.1468887920316614
7.3799999999999999 2.1176401326942482 -0.1516888624282036
7.3900000000000006 2.1160995223691339 -0.1563774891034730
7.4000000000000004 2.1145125867533481 -0.1609531691378147
7.4100000000000001 2.1128804626591244 -0.1654144671125297
7.4199999999999999 2.1112043009148511 -0.1697600153205028
7.4299999999999997 2.1094852656869918 -0.1739885139415208
7.4400000000000004 2.1077245338004276 -0.1780987311824619
7.4500000000000002 2.1059232940575723 -0.1820895033825461
7.4600000000000000 2.1040827465566094 -0.1859597350838569
7.4699999999999998 2.1022041020091975 -0.1897083990673573
7.4800000000000004 2.1002885810579865 -0.1933345363546422
7.4900000000000002 2.0983374135942889 -0.1968372561756796
7.5000000000000000 2.0963518380762403 -0.2002157359028136
7.5099999999999998 2.0943331008477895 -0.2034692209513118
7.5200000000000005 2.0922824554588502 -0.2065970246467589
7.5300000000000002 2.0902011619869421 -0.2095985280596086
7.5400000000000000 2.0880904863606515 -0.2124731798072229
7.5499999999999998 2.0859516996852321 -0.2152204958237389
7.5600000000000005 2.0837860775706667 -0.2178400590981207
7.5700000000000003 2.0815948994625089 -0.2203315193807612
7.5800000000000001 2.0793794479758123 -0.2226945928590191
7.5899999999999999 2.0771410082324602 -0.2249290618020810
7.6000000000000005 2.0748808672021988 -0.2270347741755575
7.6100000000000003 2.0726003130476744 -0.2290116432262301
7.6200000000000001 2.0703006344737713 -0.2308596470373799
7.6299999999999999 2.0679831200815428 -0.2325788280551379
7.6400000000000006 2.0656490577270232 -0.2341692925863114
7.6500000000000004 2.0632997338852004 -0.2356312102681489
7.6600000000000001 2.0609364330194326 -0.2369648135105161
7.6699999999999999 2.0585604369565793 -0.2381703969109700
7.6799999999999997 2.0561730242681144 -0.2392483166432227
7.6900000000000004 2.0537754696574892 -0.2401989898194988
7.7000000000000002 2.0513690433539979 -0.2410228938273000
7.7100000000000000 2.0489550105134051 -0.2417205656410984
7.7199999999999998 2.0465346306255774 -0.2422926011094875
7.7300000000000004 2.0441091569293679 -0.2427396542183318
7.7400000000000002 2.0416798358349855 -0.2430624363304587
7.7500000000000000 2.0392479063540847 -0.2432617154024497
7.7599999999999998 2.0368145995377991 -0.2433383151790892
7.7700000000000005 2.0343811379229431 -0.2432931143660423
7.7800000000000002 2.0319487349865906 -0.2431270457813336
7.7900000000000000 2.0295185946092476 -0.2428410954862104
7.7999999999999998 2.0270919105468139 -0.2424363018959760
7.8100000000000005 2.0246698659115387 -0.2419137548713862
7.8200000000000003 2.0222536326621547 -0.2412745947912072
7.8300000000000001 2.0198443711033818 -0.2405200116065374
7.8399999999999999 2.0174432293949760 -0.2396512438775004
7.8500000000000005 2.0150513430704975 -0.2386695777929211
7.8600000000000003 2.0126698345659677 -0.2375763461736005
7.8700000000000001 2.0102998127585718 -0.2363729274598085
7.8799999999999999 2.0079423725155641 -0.2350607446836162
7.8900000000000006 2.0055985942535246 -0.2336412644266939
7.9000000000000004 2.0032695435081105 -0.2321159957642027
7.9100000000000001 2.0009562705144326 -0.2304864891954087
7.9199999999999999 1.9986598097981947 -0.2287543355616531
7.9300000000000006 1.9963811797777122 -0.2269211649523105
7.9400000000000004 1.9941213823769304 -0.2249886455993717
7.9500000000000002 1.9918814026495524 -0.2229584827612849
7.9600000000000000 1.9896622084143807 -0.2208324175966934
7.9699999999999998 1.9874647499019700 -0.2186122260287053
7.9800000000000004 1.9852899594126836 -0.2162997176003318
7.9900000000000002 1.9831387509862370 -0.2138967343217310
8.0000000000000000 1.9810120200828103 -0.2114051495098924
8.0099999999999998 1.9789106432757972 -0.2088268666213957
8.0199999999999996 1.9768354779562627 -0.2061638180788792
8.0299999999999994 1.9747873620491627 -0.2034179640918477
8.0400000000000009 1.9727671137413854 -0.2005912914724499
8.0500000000000007 1.9707755312216557 -0.1976858124468538
8.0600000000000005 1.9688133924323485 -0.1947035634628445
8.0700000000000003 1.9668814548332418 -0.1916466039942662
8.0800000000000001 1.9649804551772407 -0.1885170153429288
8.0899999999999999 1.9631111092980924 -0.1853168994385940
8.0999999999999996 1.9612741119101109 -0.1820483776376528
8.1099999999999994 1.9594701364199183 -0.1787135895211044
8.1200000000000010 1.9576998347502093 -0.1753146916924384
8.1300000000000008 1.9559638371755357 -0.1718538565760206
8.1400000000000006 1.9542627521701033 -0.1683332712165790
8.1500000000000004 1.9525971662675656 -0.1647551360803768
8.1600000000000001 1.9509676439327981 -0.1611216638586592
8.1699999999999999 1.9493747274456230 -0.1574350782739531
8.1799999999999997 1.9478189367964573 -0.1536976128897916
8.1899999999999995 1.9463007695938437 -0.1499115099244318
8.1999999999999993 1.9448207009838230 -0.1460790190691274
8.2100000000000009 1.9433791835811007 -0.1422023963115096
8.2200000000000006 1.9419766474119520 -0.1382839027646253
8.2300000000000004 1.9406134998688065 -0.1343258035021725
8.2400000000000002 1.9392901256764490 -0.1303303664004691
8.2500000000000000 1.9380068868697653 -0.1262998609876786
8.2599999999999998 1.9367641227829582 -0.1222365573008146
8.2699999999999996 1.9355621500501530 -0.1181427247510334
8.2799999999999994 1.9344012626173082 -0.1140206309977198
8.2900000000000009 1.9332817317653390 -0.1098725408318589
8.3000000000000007 1.9322038061443603 -0.1057007150691839
8.3100000000000005 1.9311677118189474 -0.1015074094535750
8.3200000000000003 1.9301736523243114 -0.0972948735711820
8.3300000000000001 1.9292218087332773 -0.0930653497757293
8.3399999999999999 1.9283123397339532 -0.0888210721254562
8.3499999999999996 1.9274453817179700 -0.0845642653321350
8.3599999999999994 1.9266210488791691 -0.0802971437225998
8.3700000000000010 1.9258394333226130 -0.0760219102132104
8.3800000000000008 1.9251006051837831 -0.0717407552976655
8.3900000000000006 1.9244046127578343 -0.0674558560485685
8.4000000000000004 1.9237514826387609 -0.0631693751331431
8.4100000000000001 1.9231412198683373 -0.0588834598434801
8.4199999999999999 1.9225738080946795 -0.0546002411416928
8.4299999999999997 1.9220492097402817 -0.0503218327203430
8.4399999999999995 1.9215673661793702 -0.0460503300784934
8.4499999999999993 1.9211281979244184 -0.0417878096137284
8.4600000000000009 1.9207316048216605 -0.0375363277304775
8.4700000000000006 1.9203774662554403 -0.0332979199649627
8.4800000000000004 1.9200656413612254 -0.0290746001270824
8.4900000000000002 1.9197959692471189 -0.0248683594595321
8.5000000000000000 1.9195682692236915 -0.0206811658144526
8.5099999999999998 1.9193823410419590 -0.0165149628478843
8.5199999999999996 1.9192379651393265 -0.0123716692322959
8.5299999999999994 1.9191349028933149 -0.0082531778874454
8.5400000000000009 1.9190728968828878 -0.0041613552298191
8.5500000000000007 1.9190516711571901 -0.0000980404408826
8.5600000000000005 1.9190709315115084 0.0039349552456293
8.5700000000000003 1.9191303657702652 0.0079358492371749
8.5800000000000001 1.9192296440768479 0.0119028882564153
8.5899999999999999 1.9193684191900833 0.0158343489955823
8.5999999999999996 1.9195463267871542 0.0197285387510260
8.6099999999999994 1.9197629857727645 0.0235837960377728
8.6200000000000010 1.9200179985943475 0.0273984911839378
8.6300000000000008 1.9203109515631189 0.0311710269048459
8.6400000000000006 1.9206414151807676 0.0348998388567272
8.6500000000000004 1.9210089444715825 0.0385833961698634
8.6600000000000001 1.9214130793198070 0.0422202019610735
8.6699999999999999 1.9218533448120143 0.0458087938254375
8.6799999999999997 1.9223292515842971 0.0493477443071682
8.6899999999999995 1.9228402961740612 0.0528356613495535
8.7000000000000011 1.9233859613762125 0.0562711887238995
8.7100000000000009 1.9239657166035304 0.0596530064374196
8.7200000000000006 1.9245790182510123 0.0629798311200223
8.7300000000000004 1.9252253100639827 0.0662504163899638
8.7400000000000002 1.9259040235097518 0.0694635531983404
8.7500000000000000 1.9266145781526127 0.0726180701524074
8.7599999999999998 1.9273563820319679 0.0757128338177223
8.7699999999999996 1.9281288320433689 0.0787467489991187
8.7799999999999994 1.9289313143222617 0.0817187590005308
8.7900000000000009 1.9297632046302240 0.0846278458636959
8.8000000000000007 1.9306238687434836 0.0874730305857741
8.8100000000000005 1.9315126628435084 0.0902533733159348
8.8200000000000003 1.9324289339094576 0.0929679735309686
8.8300000000000001 1.9333720201122826 0.0956159701899943
8.8399999999999999 1.9343412512102724 0.0981965418683403
8.8499999999999996 1.9353359489458333 0.1007089068706890
8.8599999999999994 1.9363554274432961 0.1031523233235826
8.8700000000000010 1.9373989936075464 0.1055260892473991
8.8800000000000008 1.9384659475232717 0.1078295426079160
8.8900000000000006 1.9395555828546223 0.1100620613475875
8.9000000000000004 1.9406671872450840 0.1122230633966732
8.9100000000000001 1.9418000427173621 0.1143120066643613
8.9199999999999999 1.9429534260730765 0.1163283890100413
8.9299999999999997 1.9441266092920708 0.1182717481948893
8.9399999999999995 1.9453188599311393 0.1201416618139356
8.9500000000000011 1.9465294415219778 0.1219377472087962
8.9600000000000009 1.9477576139681649 0.1236596613612548
8.9700000000000006 1.9490026339409845 0.1253071007678916
8.9800000000000004 1.9502637552738993 0.1268798012959643
8.9900000000000002 1.9515402293554918 0.1283775380207509
9.0000000000000000 1.9528313055206845 0.1298001250445765
9.0099999999999998 1.9541362314400610 0.1311474152977488
9.0199999999999996 1.9554542535071049 0.1324193003216385
9.0299999999999994 1.9567846172231824 0.1336157100341447
9.0400000000000009 1.9581265675800918 0.1347366124777950
9.0500000000000007 1.9594793494400069 0.1357820135507347
9.0600000000000005 1.9608422079126462 0.1367519567208672
9.0700000000000003 1.9622143887294996 0.1376465227234146
9.0800000000000001 1.9635951386149493 0.1384658292421715
9.0899999999999999 1.9649837056541206 0.1392100305747350
9.0999999999999996 1.9663793396573079 0.1398793172819948
9.1099999999999994 1.9677812925208156 0.1404739158221783
9.1200000000000010 1.9691888185840638 0.1409940881697458
9.1300000000000008 1.9706011749828090 0.1414401314194413
9.1400000000000006 1.9720176219983294 0.1418123773758057
9.1500000000000004 1.9734374234024363 0.1421111921284651
9.1600000000000001 1.9748598467981655 0.1423369756135142
9.1699999999999999 1.9762841639560156 0.1424901611613150
9.1799999999999997 1.9777096511455963 0.1425712150310384
9.1899999999999995 1.9791355894625566 0.1425806359322806
9.2000000000000011 1.9805612651506663 0.1425189545340874
9.2100000000000009 1.9819859699189246 0.1423867329617270
9.2200000000000006 1.9834090012535761 0.1421845642815517
9.2300000000000004 1.9848296627249176 0.1419130719742963
9.2400000000000002 1.9862472642887803 0.1415729093971599
9.2500000000000000 1.9876611225825773 0.1411647592350238
9.2599999999999998 1.9890705612158106 0.1406893329411612
9.2699999999999996 1.9904749110549329 0.1401473701677936
9.2799999999999994 1.9918735105024659 0.1395396381868554
9.2900000000000009 1.9932657057702767 0.1388669313013272
9.3000000000000007 1.9946508511469236 0.1381300702475028
9.3100000000000005 1.9960283092589777 0.1373299015885542
9.3200000000000003 1.9973974513262389 0.1364672970997623
9.3300000000000001 1.9987576574107637 0.1355431531457818
9.3399999999999999 2.0001083166596261 0.1345583900503106
9.3499999999999996 2.0014488275413376 0.1335139514585332
9.3599999999999994 2.0027785980758579 0.1324108036927115
9.3700000000000010 2.0040970460581278 0.1312499351012931
9.3800000000000008 2.0054035992750601 0.1300323554019124
9.3900000000000006 2.0066976957159328 0.1287590950186543
9.4000000000000004 2.0079787837761272 0.1274312044139572
9.4100000000000001 2.0092463224541572 0.1260497534155249
9.4199999999999999 2.0104997815419461 0.1246158305386217
9.4299999999999997 2.0117386418083014 0.1231305423041231
9.4399999999999995 2.0129623951755540 0.1215950125526924
9.4500000000000011 2.0141705448893163 0.1200103817554548
9.4600000000000009 2.0153626056813327 0.1183778063215378
9.4700000000000006 2.0165381039253907 0.1166984579028473
9.4800000000000004 2.0176965777862663 0.1149735226964452
9.4900000000000002 2.0188375773616829 0.1132042007448952
9.5000000000000000 2.0199606648172637 0.1113917052349394
9.5099999999999998 2.0210654145144624 0.1095372617948684
9.5199999999999996 2.0221514131314651 0.1076421077909445
9.5299999999999994 2.0232182597770496 0.1057074916232352
9.5400000000000009 2.0242655660974020 0.1037346720212128
9.5500000000000007 2.0252929563758890 0.1017249173394721
9.5600000000000005 2.0263000676257894 0.0996795048539174
9.5700000000000003 2.0272865496759902 0.0975997200587639
9.5800000000000001 2.0282520652496565 0.0954868559646999
9.5899999999999999 2.0291962900358924 0.0933422123985490
9.5999999999999996 2.0301189127544039 0.0911670953047710
9.6099999999999994 2.0310196352131893 0.0889628160491358
9.6200000000000010 2.0318981723592757 0.0867306907248994
9.6300000000000008 2.0327542523225328 0.0844720394618116
9.6400000000000006 2.0335876164525906 0.0821881857382763
9.6500000000000004 2.0343980193488949 0.0798804556969838
9.6600000000000001 2.0351852288839387 0.0775501774643319
9.6699999999999999 2.0359490262197060 0.0751986804739433
9.6799999999999997 2.0366892058173729 0.0728272947945895
9.6899999999999995 2.0374055754403098 0.0704373504628196
9.7000000000000011 2.0380979561504353 0.0680301768205941
9.7100000000000009 2.0387661822979730 0.0656071018582140
9.7200000000000006 2.0394101015046608 0.0631694515628348
9.7300000000000004 2.0400295746404793 0.0607185492728471
9.7400000000000002 2.0406244757939498 0.0582557150384020
9.7500000000000000 2.0411946922360715 0.0557822649883537
9.7599999999999998 2.0417401243779589 0.0532995107038874
9.7699999999999996 2.0422606857222521 0.0508087585990938
9.7799999999999994 2.0427563028083648 0.0483113093087467
9.7900000000000009 2.0432269151516511 0.0458084570835366
9.8000000000000007 2.0436724751765580 0.0433014891930030
9.8100000000000005 2.0440929481438492 0.0407916853364085
9.8200000000000003 2.0444883120719775 0.0382803170617859
9.8300000000000001 2.0448585576526876 0.0357686471933891
9.8399999999999999 2.0452036881609388 0.0332579292677682
9.8499999999999996 2.0455237193592288 0.0307494069786868
9.8599999999999994 2.0458186793964144 0.0282443136310917
9.8700000000000010 2.0460886087011150 0.0257438716043377
9.8800000000000008 2.0463335598697978 0.0232492918248687
9.8900000000000006 2.0465535975496358 0.0207617732485442
9.9000000000000004 2.0467487983162371 0.0182825023527994
9.9100000000000001 2.0469192505463480 0.0158126526388163
9.9199999999999999 2.0470650542856257 0.0133533841438810
9.9299999999999997 2.0471863211115875 0.0109058429640922
9.9399999999999995 2.0472831739918393 0.0084711607875829
9.9500000000000011 2.0473557471376878 0.0060504544384078
9.9600000000000009 2.0474041858532459 0.0036448254312451
9.9700000000000006 2.0474286463801414 0.0012553595370534
9.9800000000000004 2.0474292957379343 -0.0011168736401825
9.9900000000000002 2.0474063115603593 -0.0034708210754881
10.0000000000000000 2.0473598819275045 -0.0058054467235962
